339.59	0.00
339.97	32.00
340.35	29.00
340.73	30.00
341.12	29.00
341.50	39.00
341.88	30.00
342.26	36.00
342.65	36.00
343.03	30.00
343.41	28.00
343.79	30.00
344.17	34.00
344.55	56.00
344.94	38.00
345.32	37.00
345.70	28.00
346.08	36.00
346.46	27.00
346.84	35.00
347.23	34.00
347.61	33.00
347.99	33.00
348.37	47.00
348.75	35.00
349.13	33.00
349.51	37.00
349.90	36.00
350.28	33.00
350.66	33.00
351.04	34.00
351.42	39.00
351.80	40.00
352.18	32.00
352.56	35.00
352.94	31.00
353.32	38.00
353.71	27.00
354.09	35.00
354.47	40.00
354.85	42.00
355.23	32.00
355.61	29.00
355.99	43.00
356.37	33.00
356.75	43.00
357.13	39.00
357.51	40.00
357.89	46.00
358.27	35.00
358.65	44.00
359.03	41.00
359.41	29.00
359.79	38.00
360.17	39.00
360.55	42.00
360.93	34.00
361.31	39.00
361.69	34.00
362.07	30.00
362.45	38.00
362.83	37.00
363.21	43.00
363.59	39.00
363.97	52.00
364.35	34.00
364.73	36.00
365.11	37.00
365.49	36.00
365.87	35.00
366.25	29.00
366.63	43.00
367.01	38.00
367.39	35.00
367.77	52.00
368.14	33.00
368.52	36.00
368.90	36.00
369.28	33.00
369.66	49.00
370.04	39.00
370.42	31.00
370.80	33.00
371.18	36.00
371.56	36.00
371.93	36.00
372.31	35.00
372.69	30.00
373.07	34.00
373.45	30.00
373.83	28.00
374.21	37.00
374.58	41.00
374.96	36.00
375.34	38.00
375.72	29.00
376.10	29.00
376.48	38.00
376.85	36.00
377.23	35.00
377.61	33.00
377.99	34.00
378.37	38.00
378.75	41.00
379.12	32.00
379.50	31.00
379.88	34.00
380.26	41.00
380.63	43.00
381.01	52.00
381.39	39.00
381.77	41.00
382.15	39.00
382.52	38.00
382.90	32.00
383.28	41.00
383.66	39.00
384.03	37.00
384.41	37.00
384.79	39.00
385.17	42.00
385.54	36.00
385.92	36.00
386.30	39.00
386.67	35.00
387.05	43.00
387.43	38.00
387.81	39.00
388.18	41.00
388.56	38.00
388.94	34.00
389.31	39.00
389.69	48.00
390.07	42.00
390.44	41.00
390.82	44.00
391.20	47.00
391.57	45.00
391.95	54.00
392.33	44.00
392.70	38.00
393.08	39.00
393.46	46.00
393.83	42.00
394.21	40.00
394.58	43.00
394.96	43.00
395.34	40.00
395.71	50.00
396.09	43.00
396.47	37.00
396.84	40.00
397.22	41.00
397.59	54.00
397.97	48.00
398.35	49.00
398.72	57.00
399.10	56.00
399.47	53.00
399.85	56.00
400.22	58.00
400.60	53.00
400.97	58.00
401.35	60.00
401.73	62.00
402.10	60.00
402.48	61.00
402.85	55.00
403.23	59.00
403.60	58.00
403.98	56.00
404.35	70.00
404.73	64.00
405.10	64.00
405.48	61.00
405.85	70.00
406.23	67.00
406.60	75.00
406.98	69.00
407.35	59.00
407.73	73.00
408.10	80.00
408.48	72.00
408.85	79.00
409.23	74.00
409.60	83.00
409.98	78.00
410.35	80.00
410.72	76.00
411.10	83.00
411.47	91.00
411.85	87.00
412.22	92.00
412.60	90.00
412.97	90.00
413.34	90.00
413.72	94.00
414.09	91.00
414.47	94.00
414.84	97.00
415.21	98.00
415.59	89.00
415.96	95.00
416.34	99.00
416.71	93.00
417.08	99.00
417.46	99.00
417.83	103.00
418.20	105.00
418.58	110.00
418.95	110.00
419.32	106.00
419.70	112.00
420.07	121.00
420.44	107.00
420.82	122.00
421.19	118.00
421.56	130.00
421.94	120.00
422.31	126.00
422.68	126.00
423.06	128.00
423.43	124.00
423.80	130.00
424.18	138.00
424.55	132.00
424.92	148.00
425.29	153.00
425.67	148.00
426.04	159.00
426.41	151.00
426.78	155.00
427.16	155.00
427.53	161.00
427.90	162.00
428.27	175.00
428.65	193.00
429.02	185.00
429.39	188.00
429.76	186.00
430.14	196.00
430.51	220.00
430.88	208.00
431.25	229.00
431.62	223.00
432.00	231.00
432.37	249.00
432.74	263.00
433.11	276.00
433.48	280.00
433.86	296.00
434.23	303.00
434.60	310.00
434.97	329.00
435.34	339.00
435.71	346.00
436.09	366.00
436.46	367.00
436.83	401.00
437.20	406.00
437.57	421.00
437.94	448.00
438.31	461.00
438.68	471.00
439.06	495.00
439.43	535.00
439.80	549.00
440.17	568.00
440.54	591.00
440.91	607.00
441.28	645.00
441.65	656.00
442.02	672.00
442.39	729.00
442.77	757.00
443.14	805.00
443.51	827.00
443.88	876.00
444.25	858.00
444.62	914.00
444.99	947.00
445.36	1017.00
445.73	1024.00
446.10	1086.00
446.47	1099.00
446.84	1146.00
447.21	1172.00
447.58	1210.00
447.95	1271.00
448.32	1284.00
448.69	1337.00
449.06	1341.00
449.43	1378.00
449.80	1413.00
450.17	1456.00
450.54	1420.00
450.91	1504.00
451.28	1534.00
451.65	1489.00
452.02	1505.00
452.39	1527.00
452.76	1492.00
453.13	1518.00
453.50	1503.00
453.87	1521.00
454.24	1500.00
454.61	1462.00
454.98	1464.00
455.35	1475.00
455.71	1410.00
456.08	1392.00
456.45	1406.00
456.82	1358.00
457.19	1344.00
457.56	1355.00
457.93	1335.00
458.30	1297.00
458.67	1262.00
459.04	1304.00
459.40	1221.00
459.77	1215.00
460.14	1178.00
460.51	1173.00
460.88	1141.00
461.25	1190.00
461.62	1187.00
461.98	1176.00
462.35	1130.00
462.72	1152.00
463.09	1125.00
463.46	1144.00
463.83	1127.00
464.19	1129.00
464.56	1112.00
464.93	1094.00
465.30	1135.00
465.67	1080.00
466.03	1098.00
466.40	1087.00
466.77	1057.00
467.14	1114.00
467.51	1068.00
467.87	1072.00
468.24	1057.00
468.61	1043.00
468.98	1034.00
469.35	1024.00
469.71	1024.00
470.08	1013.00
470.45	999.00
470.82	963.00
471.18	957.00
471.55	952.00
471.92	963.00
472.28	946.00
472.65	965.00
473.02	933.00
473.39	915.00
473.75	898.00
474.12	919.00
474.49	891.00
474.85	890.00
475.22	892.00
475.59	891.00
475.95	869.00
476.32	888.00
476.69	861.00
477.05	878.00
477.42	872.00
477.79	858.00
478.15	885.00
478.52	862.00
478.89	892.00
479.25	877.00
479.62	886.00
479.99	902.00
480.35	907.00
480.72	908.00
481.09	917.00
481.45	908.00
481.82	927.00
482.18	930.00
482.55	955.00
482.92	964.00
483.28	951.00
483.65	966.00
484.01	974.00
484.38	976.00
484.75	982.00
485.11	964.00
485.48	992.00
485.84	1014.00
486.21	1015.00
486.57	1015.00
486.94	1024.00
487.30	1045.00
487.67	1057.00
488.04	1072.00
488.40	1106.00
488.77	1118.00
489.13	1147.00
489.50	1153.00
489.86	1164.00
490.23	1190.00
490.59	1184.00
490.96	1223.00
491.32	1247.00
491.69	1243.00
492.05	1281.00
492.42	1273.00
492.78	1301.00
493.15	1316.00
493.51	1364.00
493.88	1377.00
494.24	1369.00
494.60	1395.00
494.97	1417.00
495.33	1444.00
495.70	1453.00
496.06	1476.00
496.43	1506.00
496.79	1500.00
497.16	1540.00
497.52	1531.00
497.88	1561.00
498.25	1577.00
498.61	1615.00
498.98	1594.00
499.34	1614.00
499.70	1645.00
500.07	1667.00
500.43	1689.00
500.80	1717.00
501.16	1696.00
501.52	1741.00
501.89	1723.00
502.25	1748.00
502.61	1750.00
502.98	1800.00
503.34	1787.00
503.70	1815.00
504.07	1832.00
504.43	1854.00
504.79	1835.00
505.16	1871.00
505.52	1888.00
505.88	1900.00
506.25	1915.00
506.61	1919.00
506.97	1954.00
507.34	1960.00
507.70	1948.00
508.06	1974.00
508.43	1959.00
508.79	1943.00
509.15	1983.00
509.51	1971.00
509.88	1986.00
510.24	1998.00
510.60	2003.00
510.96	2009.00
511.33	2028.00
511.69	2034.00
512.05	2033.00
512.41	2040.00
512.78	2015.00
513.14	2024.00
513.50	2058.00
513.86	2030.00
514.23	2055.00
514.59	2036.00
514.95	2040.00
515.31	2062.00
515.67	2043.00
516.04	2050.00
516.40	2090.00
516.76	2043.00
517.12	2034.00
517.48	2020.00
517.85	2102.00
518.21	2097.00
518.57	2067.00
518.93	2107.00
519.29	2166.00
519.65	2135.00
520.01	2148.00
520.38	2171.00
520.74	2167.00
521.10	2145.00
521.46	2178.00
521.82	2200.00
522.18	2198.00
522.54	2187.00
522.90	2187.00
523.27	2191.00
523.63	2227.00
523.99	2229.00
524.35	2271.00
524.71	2256.00
525.07	2245.00
525.43	2249.00
525.79	2245.00
526.15	2276.00
526.51	2287.00
526.87	2293.00
527.23	2312.00
527.60	2346.00
527.96	2322.00
528.32	2363.00
528.68	2333.00
529.04	2362.00
529.40	2388.00
529.76	2419.00
530.12	2459.00
530.48	2423.00
530.84	2433.00
531.20	2468.00
531.56	2496.00
531.92	2485.00
532.28	2487.00
532.64	2506.00
533.00	2518.00
533.36	2509.00
533.72	2541.00
534.08	2569.00
534.44	2588.00
534.80	2572.00
535.16	2609.00
535.52	2610.00
535.87	2646.00
536.23	2688.00
536.59	2668.00
536.95	2699.00
537.31	2707.00
537.67	2707.00
538.03	2717.00
538.39	2749.00
538.75	2723.00
539.11	2767.00
539.47	2770.00
539.83	2772.00
540.19	2811.00
540.54	2804.00
540.90	2806.00
541.26	2826.00
541.62	2843.00
541.98	2833.00
542.34	2870.00
542.70	2889.00
543.06	2904.00
543.41	2907.00
543.77	2867.00
544.13	2938.00
544.49	2908.00
544.85	2931.00
545.21	2954.00
545.56	2961.00
545.92	2950.00
546.28	2990.00
546.64	3003.00
547.00	2974.00
547.35	3001.00
547.71	2994.00
548.07	3006.00
548.43	2994.00
548.79	3009.00
549.14	3033.00
549.50	3050.00
549.86	3028.00
550.22	3022.00
550.58	3011.00
550.93	3038.00
551.29	3039.00
551.65	3044.00
552.01	3071.00
552.36	3043.00
552.72	3019.00
553.08	3022.00
553.43	3021.00
553.79	3075.00
554.15	3030.00
554.51	3020.00
554.86	3052.00
555.22	3028.00
555.58	3025.00
555.93	3043.00
556.29	3031.00
556.65	3039.00
557.01	3013.00
557.36	3054.00
557.72	3031.00
558.08	3011.00
558.43	3002.00
558.79	3019.00
559.15	3018.00
559.50	3004.00
559.86	2991.00
560.21	3026.00
560.57	3002.00
560.93	2995.00
561.28	3012.00
561.64	3042.00
562.00	3006.00
562.35	2997.00
562.71	3030.00
563.06	3049.00
563.42	3012.00
563.78	3001.00
564.13	3019.00
564.49	2996.00
564.84	3037.00
565.20	3027.00
565.56	2996.00
565.91	3027.00
566.27	3042.00
566.62	3059.00
566.98	3015.00
567.33	3050.00
567.69	3065.00
568.04	3054.00
568.40	3074.00
568.75	3061.00
569.11	3077.00
569.47	3081.00
569.82	3093.00
570.18	3053.00
570.53	3102.00
570.89	3075.00
571.24	3104.00
571.60	3122.00
571.95	3104.00
572.31	3143.00
572.66	3127.00
573.02	3153.00
573.37	3148.00
573.72	3171.00
574.08	3165.00
574.43	3169.00
574.79	3200.00
575.14	3178.00
575.50	3218.00
575.85	3215.00
576.21	3226.00
576.56	3257.00
576.91	3232.00
577.27	3255.00
577.62	3305.00
577.98	3285.00
578.33	3297.00
578.69	3313.00
579.04	3311.00
579.39	3311.00
579.75	3361.00
580.10	3371.00
580.45	3366.00
580.81	3432.00
581.16	3436.00
581.52	3419.00
581.87	3424.00
582.22	3413.00
582.58	3458.00
582.93	3509.00
583.28	3490.00
583.64	3482.00
583.99	3533.00
584.34	3515.00
584.70	3520.00
585.05	3526.00
585.40	3542.00
585.76	3572.00
586.11	3523.00
586.46	3586.00
586.82	3598.00
587.17	3627.00
587.52	3618.00
587.87	3601.00
588.23	3592.00
588.58	3622.00
588.93	3616.00
589.29	3609.00
589.64	3597.00
589.99	3638.00
590.34	3629.00
590.70	3653.00
591.05	3641.00
591.40	3673.00
591.75	3674.00
592.10	3705.00
592.46	3684.00
592.81	3703.00
593.16	3705.00
593.51	3739.00
593.87	3753.00
594.22	3756.00
594.57	3706.00
594.92	3753.00
595.27	3746.00
595.63	3745.00
595.98	3726.00
596.33	3756.00
596.68	3744.00
597.03	3755.00
597.38	3739.00
597.74	3738.00
598.09	3718.00
598.44	3726.00
598.79	3730.00
599.14	3713.00
599.49	3729.00
599.84	3722.00
600.19	3731.00
600.55	3684.00
600.90	3653.00
601.25	3693.00
601.60	3674.00
601.95	3685.00
602.30	3648.00
602.65	3643.00
603.00	3651.00
603.35	3612.00
603.70	3605.00
604.06	3618.00
604.41	3619.00
604.76	3581.00
605.11	3597.00
605.46	3570.00
605.81	3558.00
606.16	3538.00
606.51	3529.00
606.86	3496.00
607.21	3485.00
607.56	3444.00
607.91	3444.00
608.26	3467.00
608.61	3438.00
608.96	3409.00
609.31	3386.00
609.66	3397.00
610.01	3377.00
610.36	3350.00
610.71	3347.00
611.06	3308.00
611.41	3303.00
611.76	3268.00
612.11	3237.00
612.46	3252.00
612.81	3234.00
613.16	3228.00
613.51	3208.00
613.86	3164.00
614.21	3180.00
614.56	3140.00
614.90	3158.00
615.25	3122.00
615.60	3071.00
615.95	3107.00
616.30	3086.00
616.65	3045.00
617.00	3039.00
617.35	2999.00
617.70	2975.00
618.05	3003.00
618.39	2989.00
618.74	2985.00
619.09	2981.00
619.44	2946.00
619.79	2964.00
620.14	2900.00
620.49	2912.00
620.84	2882.00
621.18	2852.00
621.53	2862.00
621.88	2819.00
622.23	2855.00
622.58	2824.00
622.93	2781.00
623.27	2768.00
623.62	2738.00
623.97	2772.00
624.32	2721.00
624.67	2722.00
625.01	2709.00
625.36	2687.00
625.71	2645.00
626.06	2655.00
626.40	2613.00
626.75	2624.00
627.10	2623.00
627.45	2607.00
627.80	2573.00
628.14	2574.00
628.49	2553.00
628.84	2536.00
629.18	2517.00
629.53	2499.00
629.88	2505.00
630.23	2495.00
630.57	2475.00
630.92	2458.00
631.27	2464.00
631.62	2476.00
631.96	2445.00
632.31	2408.00
632.66	2416.00
633.00	2426.00
633.35	2415.00
633.70	2438.00
634.04	2389.00
634.39	2424.00
634.74	2384.00
635.08	2383.00
635.43	2368.00
635.78	2341.00
636.12	2335.00
636.47	2346.00
636.82	2281.00
637.16	2317.00
637.51	2305.00
637.85	2296.00
638.20	2261.00
638.55	2239.00
638.89	2265.00
639.24	2255.00
639.58	2221.00
639.93	2207.00
640.28	2258.00
640.62	2190.00
640.97	2185.00
641.31	2157.00
641.66	2143.00
642.00	2144.00
642.35	2130.00
642.70	2128.00
643.04	2121.00
643.39	2103.00
643.73	2087.00
644.08	2069.00
644.42	2065.00
644.77	2049.00
645.11	2072.00
645.46	2037.00
645.80	2019.00
646.15	1990.00
646.49	2009.00
646.84	1971.00
647.18	1980.00
647.53	1984.00
647.87	1946.00
648.22	1926.00
648.56	1898.00
648.91	1879.00
649.25	1872.00
649.60	1863.00
649.94	1845.00
650.29	1830.00
650.63	1818.00
650.97	1836.00
651.32	1841.00
651.66	1801.00
652.01	1780.00
652.35	1760.00
652.70	1756.00
653.04	1769.00
653.38	1746.00
653.73	1723.00
654.07	1747.00
654.42	1698.00
654.76	1677.00
655.10	1658.00
655.45	1647.00
655.79	1582.00
656.13	1591.00
656.48	1581.00
656.82	1558.00
657.17	1566.00
657.51	1533.00
657.85	1560.00
658.20	1558.00
658.54	1545.00
658.88	1527.00
659.23	1508.00
659.57	1498.00
659.91	1483.00
660.25	1463.00
660.60	1474.00
660.94	1434.00
661.28	1419.00
661.63	1429.00
661.97	1410.00
662.31	1417.00
662.66	1360.00
663.00	1380.00
663.34	1359.00
663.68	1329.00
664.03	1327.00
664.37	1336.00
664.71	1307.00
665.05	1290.00
665.40	1278.00
665.74	1292.00
666.08	1270.00
666.42	1252.00
666.77	1257.00
667.11	1227.00
667.45	1223.00
667.79	1198.00
668.13	1207.00
668.48	1183.00
668.82	1183.00
669.16	1138.00
669.50	1146.00
669.84	1145.00
670.18	1116.00
670.53	1094.00
670.87	1091.00
671.21	1074.00
671.55	1084.00
671.89	1084.00
672.23	1045.00
672.58	1040.00
672.92	1036.00
673.26	1010.00
673.60	1005.00
673.94	1010.00
674.28	1001.00
674.62	977.00
674.96	965.00
675.31	965.00
675.65	955.00
675.99	955.00
676.33	924.00
676.67	926.00
677.01	934.00
677.35	918.00
677.69	894.00
678.03	908.00
678.37	898.00
678.71	882.00
679.05	880.00
679.39	860.00
679.73	839.00
680.07	840.00
680.41	839.00
680.75	858.00
681.10	831.00
681.44	809.00
681.78	799.00
682.12	809.00
682.46	795.00
682.80	779.00
683.14	780.00
683.48	755.00
683.82	769.00
684.15	755.00
684.49	768.00
684.83	754.00
685.17	746.00
685.51	719.00
685.85	709.00
686.19	689.00
686.53	675.00
686.87	659.00
687.21	662.00
687.55	633.00
687.89	625.00
688.23	611.00
688.57	612.00
688.91	612.00
689.25	609.00
689.58	621.00
689.92	629.00
690.26	617.00
690.60	612.00
690.94	611.00
691.28	612.00
691.62	613.00
691.96	631.00
692.30	608.00
692.63	621.00
692.97	613.00
693.31	606.00
693.65	613.00
693.99	607.00
694.33	595.00
694.66	604.00
695.00	592.00
695.34	585.00
695.68	598.00
696.02	582.00
696.35	604.00
696.69	604.00
697.03	596.00
697.37	588.00
697.71	574.00
698.04	572.00
698.38	589.00
698.72	569.00
699.06	569.00
699.40	573.00
699.73	565.00
700.07	554.00
700.41	568.00
700.75	569.00
701.08	557.00
701.42	557.00
701.76	549.00
702.09	529.00
702.43	545.00
702.77	539.00
703.11	535.00
703.44	540.00
703.78	544.00
704.12	536.00
704.45	538.00
704.79	602.00
705.13	547.00
705.46	530.00
705.80	530.00
706.14	532.00
706.47	523.00
706.81	523.00
707.15	498.00
707.48	509.00
707.82	525.00
708.16	536.00
708.49	519.00
708.83	507.00
709.16	510.00
709.50	500.00
709.84	505.00
710.17	508.00
710.51	520.00
710.85	500.00
711.18	496.00
711.52	498.00
711.85	486.00
712.19	486.00
712.52	482.00
712.86	480.00
713.20	473.00
713.53	487.00
713.87	466.00
714.20	474.00
714.54	476.00
714.87	481.00
715.21	460.00
715.54	459.00
715.88	459.00
716.21	443.00
716.55	448.00
716.88	435.00
717.22	424.00
717.55	417.00
717.89	409.00
718.22	399.00
718.56	398.00
718.89	381.00
719.23	389.00
719.56	389.00
719.90	386.00
720.23	384.00
720.57	388.00
720.90	393.00
721.24	402.00
721.57	407.00
721.90	410.00
722.24	402.00
722.57	400.00
722.91	394.00
723.24	402.00
723.58	385.00
723.91	386.00
724.24	379.00
724.58	386.00
724.91	372.00
725.25	362.00
725.58	379.00
725.91	371.00
726.25	352.00
726.58	373.00
726.91	355.00
727.25	373.00
727.58	348.00
727.91	364.00
728.25	360.00
728.58	362.00
728.91	352.00
729.25	361.00
729.58	346.00
729.91	348.00
730.25	334.00
730.58	353.00
730.91	360.00
731.25	351.00
731.58	344.00
731.91	349.00
732.25	343.00
732.58	352.00
732.91	343.00
733.24	347.00
733.58	336.00
733.91	344.00
734.24	358.00
734.57	348.00
734.91	361.00
735.24	341.00
735.57	337.00
735.90	349.00
736.24	348.00
736.57	329.00
736.90	326.00
737.23	337.00
737.56	332.00
737.90	331.00
738.23	334.00
738.56	319.00
738.89	325.00
739.22	322.00
739.56	334.00
739.89	326.00
740.22	310.00
740.55	316.00
740.88	309.00
741.21	315.00
741.55	298.00
741.88	319.00
742.21	311.00
742.54	314.00
742.87	316.00
743.20	312.00
743.53	299.00
743.86	294.00
744.20	297.00
744.53	297.00
744.86	294.00
745.19	300.00
745.52	299.00
745.85	293.00
746.18	308.00
746.51	291.00
746.84	295.00
747.17	288.00
747.50	285.00
747.83	275.00
748.16	288.00
748.49	277.00
748.83	284.00
749.16	280.00
749.49	287.00
749.82	285.00
750.15	268.00
750.48	267.00
750.81	261.00
751.14	260.00
751.47	258.00
751.80	259.00
752.13	265.00
752.46	252.00
752.79	273.00
753.12	257.00
753.45	254.00
753.78	256.00
754.10	259.00
754.43	256.00
754.76	258.00
755.09	250.00
755.42	249.00
755.75	243.00
756.08	251.00
756.41	244.00
756.74	242.00
757.07	232.00
757.40	240.00
757.73	234.00
758.06	242.00
758.38	226.00
758.71	211.00
759.04	197.00
759.37	178.00
759.70	163.00
760.03	142.00
760.36	132.00
760.69	117.00
761.01	109.00
761.34	110.00
761.67	98.00
762.00	104.00
762.33	99.00
762.66	101.00
762.98	109.00
763.31	109.00
763.64	112.00
763.97	107.00
764.30	114.00
764.63	123.00
764.95	122.00
765.28	134.00
765.61	138.00
765.94	145.00
766.26	154.00
766.59	154.00
766.92	159.00
767.25	172.00
767.58	175.00
767.90	181.00
768.23	185.00
768.56	184.00
768.89	187.00
769.21	190.00
769.54	204.00
769.87	191.00
770.19	206.00
770.52	200.00
770.85	187.00
771.18	191.00
771.50	208.00
771.83	199.00
772.16	202.00
772.48	186.00
772.81	190.00
773.14	189.00
773.46	199.00
773.79	207.00
774.12	189.00
774.44	190.00
774.77	183.00
775.10	178.00
775.42	184.00
775.75	192.00
776.07	183.00
776.40	188.00
776.73	173.00
777.05	191.00
777.38	183.00
777.71	187.00
778.03	188.00
778.36	178.00
778.68	187.00
779.01	187.00
779.33	183.00
779.66	172.00
779.99	174.00
780.31	171.00
780.64	182.00
780.96	172.00
781.29	171.00
781.61	176.00
781.94	175.00
782.26	167.00
782.59	181.00
782.91	167.00
783.24	164.00
783.56	167.00
783.89	170.00
784.22	167.00
784.54	164.00
784.86	163.00
785.19	167.00
785.51	165.00
785.84	164.00
786.16	167.00
786.49	161.00
786.81	164.00
787.14	168.00
787.46	155.00
787.79	162.00
788.11	168.00
788.44	153.00
788.76	177.00
789.08	161.00
789.41	158.00
789.73	170.00
790.06	162.00
790.38	156.00
790.70	152.00
791.03	159.00
791.35	154.00
791.68	150.00
792.00	152.00
792.32	148.00
792.65	156.00
792.97	155.00
793.30	154.00
793.62	154.00
793.94	147.00
794.27	153.00
794.59	156.00
794.91	153.00
795.24	154.00
795.56	152.00
795.88	154.00
796.21	156.00
796.53	156.00
796.85	149.00
797.17	151.00
797.50	149.00
797.82	156.00
798.14	154.00
798.47	150.00
798.79	155.00
799.11	156.00
799.43	149.00
799.76	156.00
800.08	157.00
800.40	156.00
800.72	150.00
801.05	151.00
801.37	152.00
801.69	153.00
802.01	150.00
802.34	140.00
802.66	144.00
802.98	149.00
803.30	149.00
803.62	144.00
803.95	146.00
804.27	146.00
804.59	155.00
804.91	150.00
805.23	156.00
805.56	150.00
805.88	150.00
806.20	149.00
806.52	140.00
806.84	145.00
807.16	171.00
807.48	143.00
807.81	149.00
808.13	152.00
808.45	144.00
808.77	143.00
809.09	132.00
809.41	137.00
809.73	143.00
810.05	137.00
810.37	160.00
810.70	144.00
811.02	146.00
811.34	140.00
811.66	142.00
811.98	138.00
812.30	127.00
812.62	136.00
812.94	136.00
813.26	137.00
813.58	129.00
813.90	134.00
814.22	126.00
814.54	123.00
814.86	132.00
815.18	127.00
815.50	122.00
815.82	118.00
816.14	119.00
816.46	116.00
816.78	112.00
817.10	108.00
817.42	115.00
817.74	113.00
818.06	127.00
818.38	108.00
818.70	112.00
819.02	109.00
819.34	100.00
819.66	118.00
819.98	112.00
820.30	115.00
820.62	116.00
820.94	119.00
821.26	114.00
821.58	112.00
821.89	116.00
822.21	108.00
822.53	120.00
822.85	104.00
823.17	106.00
823.49	116.00
823.81	106.00
824.13	102.00
824.45	104.00
824.76	101.00
825.08	110.00
825.40	114.00
825.72	116.00
826.04	108.00
826.36	107.00
826.68	120.00
826.99	112.00
827.31	108.00
827.63	106.00
827.95	117.00
828.27	102.00
828.58	107.00
828.90	100.00
829.22	104.00
829.54	108.00
829.86	100.00
830.17	109.00
830.49	103.00
830.81	100.00
831.13	99.00
831.44	99.00
831.76	100.00
832.08	99.00
832.40	102.00
832.71	99.00
833.03	93.00
833.35	107.00
833.67	102.00
833.98	102.00
834.30	103.00
834.62	99.00
834.93	106.00
835.25	97.00
835.57	94.00
835.88	101.00
836.20	101.00
836.52	97.00
836.84	111.00
837.15	96.00
837.47	99.00
837.78	97.00
838.10	101.00
838.42	101.00
838.73	104.00
839.05	103.00
839.37	96.00
839.68	98.00
840.00	106.00
840.32	101.00
840.63	92.00
840.95	101.00
841.26	105.00
841.58	99.00
841.90	99.00
842.21	96.00
842.53	102.00
842.84	91.00
843.16	90.00
843.47	94.00
843.79	95.00
844.11	91.00
844.42	89.00
844.74	92.00
845.05	93.00
845.37	91.00
845.68	89.00
846.00	88.00
846.31	98.00
846.63	97.00
846.94	96.00
847.26	95.00
847.57	91.00
847.89	88.00
848.20	86.00
848.52	92.00
848.83	80.00
849.15	84.00
849.46	84.00
849.78	82.00
850.09	83.00
850.41	75.00
850.72	80.00
851.03	82.00
851.35	82.00
851.66	87.00
851.98	80.00
852.29	90.00
852.61	82.00
852.92	80.00
853.23	83.00
853.55	78.00
853.86	75.00
854.18	80.00
854.49	77.00
854.80	76.00
855.12	79.00
855.43	80.00
855.74	78.00
856.06	75.00
856.37	76.00
856.68	75.00
857.00	81.00
857.31	69.00
857.62	79.00
857.94	83.00
858.25	76.00
858.56	82.00
858.88	80.00
859.19	75.00
859.50	76.00
859.82	76.00
860.13	74.00
860.44	71.00
860.75	71.00
861.07	85.00
861.38	77.00
861.69	69.00
862.01	67.00
862.32	82.00
862.63	72.00
862.94	79.00
863.26	78.00
863.57	77.00
863.88	72.00
864.19	67.00
864.50	75.00
864.82	70.00
865.13	69.00
865.44	75.00
865.75	68.00
866.06	70.00
866.38	79.00
866.69	71.00
867.00	65.00
867.31	76.00
867.62	69.00
867.93	72.00
868.25	73.00
868.56	73.00
868.87	69.00
869.18	63.00
869.49	66.00
869.80	77.00
870.11	74.00
870.43	78.00
870.74	74.00
871.05	74.00
871.36	69.00
871.67	70.00
871.98	68.00
872.29	68.00
872.60	68.00
872.91	63.00
873.22	64.00
873.53	65.00
873.85	63.00
874.16	70.00
874.47	67.00
874.78	68.00
875.09	66.00
875.40	77.00
875.71	71.00
876.02	73.00
876.33	65.00
876.64	62.00
876.95	60.00
877.26	64.00
877.57	74.00
877.88	66.00
878.19	77.00
878.50	65.00
878.81	61.00
879.12	58.00
879.43	65.00
879.74	80.00
880.05	65.00
880.36	62.00
880.67	71.00
880.98	57.00
881.28	56.00
881.59	58.00
881.90	64.00
882.21	62.00
882.52	63.00
882.83	65.00
883.14	65.00
883.45	61.00
883.76	63.00
884.07	62.00
884.38	62.00
884.68	60.00
884.99	66.00
885.30	62.00
885.61	66.00
885.92	61.00
886.23	62.00
886.54	70.00
886.84	63.00
887.15	57.00
887.46	69.00
887.77	60.00
888.08	56.00
888.39	68.00
888.69	61.00
889.00	60.00
889.31	51.00
889.62	60.00
889.93	62.00
890.23	59.00
890.54	68.00
890.85	57.00
891.16	59.00
891.46	72.00
891.77	59.00
892.08	63.00
892.39	56.00
892.69	54.00
893.00	67.00
893.31	65.00
893.62	61.00
893.92	56.00
894.23	62.00
894.54	66.00
894.84	54.00
895.15	55.00
895.46	55.00
895.77	55.00
896.07	68.00
896.38	51.00
896.69	61.00
896.99	68.00
897.30	59.00
897.61	59.00
897.91	58.00
898.22	57.00
898.53	55.00
898.83	280.00
899.14	69.00
899.44	50.00
899.75	53.00
900.06	56.00
900.36	54.00
900.67	52.00
900.97	54.00
901.28	66.00
901.59	52.00
901.89	47.00
902.20	54.00
902.50	51.00
902.81	51.00
903.12	58.00
903.42	57.00
903.73	56.00
904.03	46.00
904.34	57.00
904.64	49.00
904.95	61.00
905.25	56.00
905.56	52.00
905.86	55.00
906.17	52.00
906.47	51.00
906.78	53.00
907.08	55.00
907.39	57.00
907.69	60.00
908.00	52.00
908.30	52.00
908.61	54.00
908.91	49.00
909.22	60.00
909.52	45.00
909.83	49.00
910.13	55.00
910.43	51.00
910.74	54.00
911.04	51.00
911.35	47.00
911.65	53.00
911.96	53.00
912.26	46.00
912.56	52.00
912.87	58.00
913.17	55.00
913.48	47.00
913.78	59.00
914.08	54.00
914.39	51.00
914.69	57.00
914.99	54.00
915.30	52.00
915.60	60.00
915.90	54.00
916.21	55.00
916.51	44.00
916.81	50.00
917.12	49.00
917.42	47.00
917.72	55.00
918.03	57.00
918.33	45.00
918.63	53.00
918.94	53.00
919.24	62.00
919.54	53.00
919.84	45.00
920.15	48.00
920.45	54.00
920.75	65.00
921.05	48.00
921.36	45.00
921.66	58.00
921.96	51.00
922.26	48.00
922.57	50.00
922.87	49.00
923.17	50.00
923.47	53.00
923.77	99.00
924.08	82.00
924.38	53.00
924.68	49.00
924.98	48.00
925.28	48.00
925.59	48.00
925.89	54.00
926.19	49.00
926.49	48.00
926.79	56.00
927.09	45.00
927.40	51.00
927.70	46.00
928.00	50.00
928.30	49.00
928.60	47.00
928.90	48.00
929.20	45.00
929.50	38.00
929.80	46.00
930.11	45.00
930.41	44.00
930.71	40.00
931.01	40.00
931.31	38.00
931.61	43.00
931.91	49.00
932.21	49.00
932.51	40.00
932.81	40.00
933.11	38.00
933.41	40.00
933.71	40.00
934.01	40.00
934.31	34.00
934.61	35.00
934.91	42.00
935.21	42.00
935.51	39.00
935.81	40.00
936.11	35.00
936.41	38.00
936.71	52.00
937.01	44.00
937.31	39.00
937.61	43.00
937.91	38.00
938.21	44.00
938.51	40.00
938.81	44.00
939.11	41.00
939.41	46.00
939.71	48.00
940.01	44.00
940.30	42.00
940.60	48.00
940.90	42.00
941.20	48.00
941.50	48.00
941.80	47.00
942.10	38.00
942.40	43.00
942.70	44.00
942.99	44.00
943.29	37.00
943.59	38.00
943.89	35.00
944.19	46.00
944.49	39.00
944.78	39.00
945.08	41.00
945.38	35.00
945.68	38.00
945.98	37.00
946.28	40.00
946.57	40.00
946.87	43.00
947.17	42.00
947.47	35.00
947.76	39.00
948.06	42.00
948.36	37.00
948.66	36.00
948.96	40.00
949.25	37.00
949.55	34.00
949.85	46.00
950.14	38.00
950.44	32.00
950.74	35.00
951.04	47.00
951.33	37.00
951.63	35.00
951.93	41.00
952.22	39.00
952.52	42.00
952.82	34.00
953.12	38.00
953.41	40.00
953.71	47.00
954.01	36.00
954.30	44.00
954.60	39.00
954.89	33.00
955.19	35.00
955.49	43.00
955.78	40.00
956.08	33.00
956.38	38.00
956.67	58.00
956.97	40.00
957.26	46.00
957.56	42.00
957.86	38.00
958.15	39.00
958.45	38.00
958.74	32.00
959.04	37.00
959.34	40.00
959.63	45.00
959.93	36.00
960.22	32.00
960.52	36.00
960.81	40.00
961.11	45.00
961.40	39.00
961.70	51.00
961.99	37.00
962.29	41.00
962.58	38.00
962.88	40.00
963.17	41.00
963.47	39.00
963.76	48.00
964.06	39.00
964.35	37.00
964.65	46.00
964.94	51.00
965.24	31.00
965.53	33.00
965.83	44.00
966.12	40.00
966.42	35.00
966.71	35.00
967.00	36.00
967.30	35.00
967.59	38.00
967.89	40.00
968.18	39.00
968.47	38.00
968.77	38.00
969.06	38.00
969.36	36.00
969.65	33.00
969.94	36.00
970.24	35.00
970.53	34.00
970.82	34.00
971.12	40.00
971.41	40.00
971.70	41.00
972.00	39.00
972.29	41.00
972.58	36.00
972.88	31.00
973.17	40.00
973.46	43.00
973.76	51.00
974.05	34.00
974.34	33.00
974.64	36.00
974.93	37.00
975.22	36.00
975.51	40.00
975.81	41.00
976.10	40.00
976.39	44.00
976.68	45.00
976.98	38.00
977.27	39.00
977.56	33.00
977.85	38.00
978.14	39.00
978.44	43.00
978.73	33.00
979.02	45.00
979.31	29.00
979.60	75.00
979.90	41.00
980.19	44.00
980.48	35.00
980.77	37.00
981.06	39.00
981.36	35.00
981.65	37.00
981.94	35.00
982.23	38.00
982.52	41.00
982.81	34.00
983.10	27.00
983.39	36.00
983.69	39.00
983.98	33.00
984.27	43.00
984.56	39.00
984.85	42.00
985.14	35.00
985.43	32.00
985.72	34.00
986.01	36.00
986.30	34.00
986.59	36.00
986.89	40.00
987.18	35.00
987.47	36.00
987.76	32.00
988.05	36.00
988.34	35.00
988.63	39.00
988.92	33.00
989.21	32.00
989.50	40.00
989.79	40.00
990.08	35.00
990.37	40.00
990.66	42.00
990.95	38.00
991.24	37.00
991.53	31.00
991.82	39.00
992.11	37.00
992.40	39.00
992.68	41.00
992.97	34.00
993.26	40.00
993.55	39.00
993.84	39.00
994.13	39.00
994.42	39.00
994.71	35.00
995.00	37.00
995.29	39.00
995.58	32.00
995.86	28.00
996.15	38.00
996.44	33.00
996.73	37.00
997.02	34.00
997.31	32.00
997.60	36.00
997.89	38.00
998.17	38.00
998.46	51.00
998.75	32.00
999.04	31.00
999.33	39.00
999.61	29.00
999.90	34.00
1000.19	30.00
1000.48	41.00
1000.77	43.00
1001.05	38.00
1001.34	40.00
1001.63	41.00
1001.92	36.00
1002.21	34.00
1002.49	31.00
1002.78	38.00
1003.07	35.00
1003.36	37.00
1003.64	27.00
1003.93	35.00
1004.22	36.00
1004.50	38.00
1004.79	34.00
1005.08	33.00
1005.37	34.00
1005.65	33.00
1005.94	32.00
1006.23	31.00
1006.51	35.00
1006.80	33.00
1007.09	41.00
1007.37	37.00
1007.66	42.00
1007.95	42.00
1008.23	34.00
1008.52	37.00
1008.81	37.00
1009.09	36.00
1009.38	32.00
1009.66	44.00
1009.95	43.00
1010.24	35.00
1010.52	37.00
1010.81	34.00
1011.10	29.00
1011.38	40.00
1011.67	36.00
1011.95	31.00
1012.24	31.00
1012.52	35.00
1012.81	36.00
1013.10	36.00
1013.38	30.00
1013.67	38.00
1013.95	40.00
1014.24	38.00
1014.52	38.00
1014.81	31.00
1015.09	36.00
1015.38	40.00
1015.66	33.00
1015.95	30.00
1016.23	32.00
1016.52	39.00
1016.80	28.00
1017.09	38.00
1017.37	33.00
1017.66	35.00
1017.94	38.00
1018.23	33.00
1018.51	30.00
1018.79	42.00
1019.08	33.00
1019.36	30.00
1019.65	30.00
1019.93	31.00
1020.22	37.00
1020.50	37.00
1020.78	39.00
1021.07	34.00
1021.35	40.00
1021.64	33.00
1021.92	35.00
1022.20	32.00
1022.49	30.00
1022.77	37.00
1023.05	36.00
1023.34	40.00
1023.62	35.00
1023.90	31.00
1024.19	36.00
1024.47	38.00
1024.75	35.00
1025.04	40.00
1025.32	41.00
1025.60	30.00
